price,locality,city,property_type,bedroom_num,bathroom_num,balcony_num,furnished,latitude,longitude
6600283,138,1,0,2,2,0,2,19.24440956,73.12325287
6169841,138,1,0,2,2,0,2,19.2572937,73.14887238
4599936,85,1,0,1,1,0,2,19.20902634,73.08127594
51980000,400,1,0,3,3,0,2,19.09784126,72.85115814
3915000,224,1,0,1,1,0,2,19.42060089,72.80931854
4900320,369,1,0,1,1,0,2,18.96756172,73.02495575
14000000,126,1,0,2,2,0,2,19.13776207,72.86013031
16400255,58,1,0,2,2,0,2,19.0322113,72.89522552
74998440,241,1,0,3,3,0,2,19.00825882,73.01303101
65900000,212,1,0,4,5,0,2,19.18447304,72.94075775
3000000,226,1,0,1,1,0,2,19.41750526,72.81793976
19000000,369,1,0,3,3,0,2,18.97142792,73.01415253
4350192,138,1,0,1,1,0,2,19.24440956,73.12325287
7564352,138,1,0,2,2,0,2,19.2572937,73.14887238
4799800,85,1,0,1,1,0,2,19.20902634,73.08127594
41007620,400,1,0,3,3,0,2,19.09784126,72.85115814
3510000,224,1,0,1,1,0,2,19.42060089,72.80931854
7600395,369,1,0,2,2,0,2,18.96756172,73.02495575
9900000,126,1,0,1,1,0,2,19.13776207,72.86013031
12001385,58,1,0,1,1,0,2,19.0322113,72.89522552
2800000,86,1,0,1,1,0,2,19.22516632,73.0796814
2800000,358,1,0,1,1,0,2,19.07429886,73.11659241
3000000,261,1,0,1,1,0,2,18.94964027,73.14614105
4500000,340,1,0,1,1,0,2,19.14541054,73.0394516
4000000,85,1,0,2,2,0,2,19.20101738,73.09404755
1700000,382,1,0,1,1,0,2,19.09329033,73.29730225
6200000,358,1,0,1,1,0,2,19.07429886,73.11659241
4800000,138,1,0,1,1,0,2,19.25495338,73.12568665
5500000,160,1,0,1,1,0,2,19.06352806,73.05749512
4500000,358,1,0,1,1,0,2,19.07429886,73.11659241
2800000,86,1,0,1,1,0,2,19.22516632,73.0796814
2300000,225,1,0,1,1,0,2,19.41014671,72.78446198
1800000,340,1,0,1,1,0,1,19.14541054,73.0394516
3200000,85,1,0,1,1,0,2,19.20101738,73.09404755
2300000,225,1,0,1,1,0,2,19.41014671,72.78446198
1800000,340,1,0,1,1,0,1,19.14541054,73.0394516
2500000,26,1,0,1,1,0,2,19.15452766,73.23560333
2200000,217,1,0,1,1,0,2,19.16859055,73.02204132
2600000,383,1,0,1,1,0,2,19.39635086,72.86195374
3000000,9,1,0,1,1,0,2,19.18672943,73.19139099
16500000,274,1,0,1,2,0,1,19.11713028,72.89370728
33200000,274,1,0,3,2,0,1,19.1196804,72.89414978
11000000,172,1,0,2,2,0,2,19.10186005,73.00868225
14400000,134,1,0,3,3,0,1,19.0367775,73.09087372
11500000,134,1,0,2,2,0,1,19.0371151,73.08891296
10800000,134,1,0,2,2,0,1,19.0348835,73.0936203
36000000,15,1,0,3,3,0,1,19.14082718,72.81272888
5500000,105,1,0,1,1,0,2,19.1553669,72.88744354
9500001,46,1,0,1,1,0,2,19.231287,72.85652161
2600000,86,1,0,1,1,0,1,19.2219944,73.08733368
3200000,15,1,0,1,1,0,1,19.22118759,73.09005737
3300000,86,1,0,1,1,0,0,19.2196312,73.08188629
3800000,86,1,0,1,1,0,1,19.23182487,73.08622742
3900000,86,1,0,1,1,0,1,19.21722984,73.08430481
5200000,151,1,0,1,1,0,2,19.27029419,72.96857452
100000000,398,1,0,4,4,0,2,19.11406326,72.83135223
7500000,142,1,0,1,1,0,2,19.19770813,72.87263489
5790000,151,1,0,1,2,0,2,19.26675606,72.96956635
9090000,151,1,0,2,2,0,1,19.26821518,72.97315979
5299999,151,1,0,1,2,0,2,19.26808357,72.96931458
23000000,142,1,0,2,2,0,2,19.20595741,72.87180328
8700000,138,1,0,2,2,0,1,19.26209068,73.14604187
6800000,209,1,0,1,2,0,2,19.26703453,72.871315
55000000,15,1,0,3,3,0,1,19.14114189,72.82420349
9200000,369,1,0,2,2,0,2,18.96593475,73.02146149
8500000,138,1,0,2,2,0,1,19.25943756,73.12046814
10200000,209,1,0,2,2,0,1,19.29721451,72.87187958
7100000,138,1,0,2,2,0,1,19.2626152,73.14559937
28000000,193,1,0,2,3,0,1,19.18372345,72.86148071
18900000,212,1,0,2,2,0,2,19.17477226,72.94526672
26000000,275,1,0,2,2,0,1,19.01009941,72.82971954
65000000,70,1,0,3,3,0,1,19.01501846,72.83882141
7500000,184,1,0,1,1,0,2,19.00004578,72.82814026
8500000,355,1,0,2,2,0,2,19.04730034,73.06990051
9900000,160,1,0,2,2,0,2,19.08944893,73.07676697
10000000,261,1,0,2,2,0,2,18.9363308,73.18986511
5000000,261,1,0,1,1,0,2,18.98917961,73.11742401
3500000,355,1,0,1,1,0,2,19.07429886,73.11659241
5400000,261,1,0,1,1,0,2,18.93676376,73.18147278
18500000,58,1,0,2,2,0,2,19.04731178,72.89689636
17600000,142,1,0,2,2,0,1,19.20872879,72.87319946
3500000,172,1,0,1,1,0,2,19.07828712,73.07828522
26500000,142,1,0,2,2,0,2,19.21030617,72.86837769
16500000,142,1,0,2,2,0,2,19.21281815,72.86901855
16500000,142,1,0,2,2,0,2,19.2081356,72.87116241
3599000,9,1,0,1,2,0,2,19.20701027,73.18536377
2748000,9,1,0,1,2,0,2,19.19906807,73.19509888
6400000,160,1,0,1,1,0,2,19.04979515,73.07844543
11500000,160,1,0,2,2,0,0,19.06352615,73.05749512
11500000,160,1,0,2,2,0,2,19.06352615,73.05749512
13000000,160,1,0,2,2,0,2,19.0720787,73.0790863
10000000,160,1,0,2,2,0,2,19.06352615,73.05749512
11900000,261,1,0,2,2,0,2,18.96635246,73.12533569
37000000,403,1,0,3,3,0,2,19.02209282,72.86715698
7900000,261,1,0,2,2,0,2,18.96832085,73.12882233
3900000,358,1,0,1,1,0,2,19.07429886,73.11659241
4500000,402,1,0,1,2,0,1,19.45196724,72.80718231
10700000,363,1,0,2,2,0,2,19.24264526,72.97179413
12400000,363,1,0,2,2,0,0,19.23759651,72.97093201
26500000,363,1,0,4,3,0,2,19.23395538,72.98749542
6800000,37,1,0,1,2,0,2,19.1570015,72.93418884
6900000,37,1,0,1,2,0,2,19.1570015,72.93418884
7600000,37,1,0,1,2,0,2,19.15924072,72.93253326
7800000,37,1,0,2,2,0,2,19.15924072,72.93253326
8000000,37,1,0,2,2,0,2,19.15924072,72.93253326
16000000,212,1,0,2,2,0,2,19.17701149,72.94730377
10000000,212,1,0,1,2,0,2,19.17701149,72.94730377
15000000,222,1,0,2,2,0,2,19.17726326,72.94264221
9500000,222,1,0,1,2,0,2,19.17726326,72.94264221
9000000,142,1,0,1,2,0,2,19.207407,72.87836456
11000000,142,1,0,1,1,0,2,19.21244431,72.86897278
7000000,209,1,0,1,2,0,2,19.29112434,72.8723526
29500000,46,1,0,2,2,0,2,19.21658516,72.86559296
7300000,209,1,0,2,2,0,2,19.29603195,72.86982727
4200000,160,1,0,1,1,0,2,19.08660126,73.07303619
3600000,160,1,0,1,2,0,1,19.06855965,73.08152008
17600000,142,1,0,2,2,0,1,19.20872879,72.87319946
3500000,172,1,0,1,1,0,2,19.07828712,73.07828522
26500000,142,1,0,2,2,0,2,19.21030617,72.86837769
16500000,142,1,0,2,2,0,2,19.21281815,72.86901855
16500000,142,1,0,2,2,0,2,19.2081356,72.87116241
3599000,9,1,0,1,2,0,2,19.20701027,73.18536377
2748000,9,1,0,1,2,0,2,19.19906807,73.19509888
6400000,160,1,0,1,1,0,2,19.04979515,73.07844543
11500000,160,1,0,2,2,0,0,19.06352615,73.05749512
11500000,160,1,0,2,2,0,2,19.06352615,73.05749512
13000000,160,1,0,2,2,0,2,19.0720787,73.0790863
10000000,160,1,0,2,2,0,2,19.06352615,73.05749512
11900000,261,1,0,2,2,0,2,18.96635246,73.12533569
37000000,403,1,0,3,3,0,2,19.02209282,72.86715698
7900000,261,1,0,2,2,0,2,18.96832085,73.12882233
3900000,358,1,0,1,1,0,2,19.07429886,73.11659241
4500000,402,1,0,1,2,0,1,19.45196724,72.80718231
10700000,363,1,0,2,2,0,2,19.24264526,72.97179413
12400000,363,1,0,2,2,0,0,19.23759651,72.97093201
26500000,363,1,0,4,3,0,2,19.23395538,72.98749542
4100000,261,1,0,1,2,0,2,18.94446754,73.13665771
7300000,209,1,0,1,2,0,2,19.28165245,72.88603973
6300000,261,1,0,2,2,0,2,18.94446182,73.13666534
13500000,160,1,0,2,2,0,2,19.04068375,73.07875824
11000000,363,1,0,2,2,0,2,19.21817207,72.98071289
8500000,157,1,0,2,2,0,2,19.07259941,73.0763092
10500000,160,1,0,2,2,0,0,19.07089233,73.07003021
12500000,160,1,0,2,2,0,2,19.04979515,73.07844543
13000000,160,1,0,2,2,0,2,19.04951477,73.07559204
13000000,160,1,0,2,2,0,2,19.04951477,73.07559204
18300000,160,1,0,2,2,0,2,19.07197189,73.08110809
9000000,363,1,0,1,2,0,2,19.23244095,72.98609161
14000000,160,1,0,2,2,0,2,19.06076813,73.08040619
14000000,160,1,0,2,2,0,2,19.06076813,73.08040619
4500000,363,1,0,1,2,0,2,19.26938438,72.97092438
14500000,160,1,0,2,2,0,2,19.04998589,73.07302856
17500000,160,1,0,3,3,0,2,19.04291344,73.06665802
17500000,160,1,0,3,3,0,2,19.04291344,73.06665802
10500000,261,1,0,2,2,0,2,19.04979515,73.07844543
9500000,160,1,0,2,2,0,2,19.04979515,73.07844543
10500000,261,1,0,2,2,0,2,19.04979515,73.07844543
11000000,160,1,0,2,2,0,2,19.07089233,73.07003021
7500000,160,1,0,1,1,0,1,19.07066727,73.07332611
5900000,160,1,0,1,1,0,2,19.06352615,73.05749512
9900000,160,1,0,2,2,0,2,19.06352615,73.05749512
14000000,160,1,0,2,2,0,2,19.04291344,73.06665802
11000000,160,1,0,2,2,0,2,19.04327202,73.06098938
11500000,160,1,0,2,2,0,2,19.07089233,73.07003021
12500000,160,1,0,2,2,0,2,19.0720787,73.0790863
12500000,160,1,0,3,3,0,2,19.06352615,73.05749512
12500000,160,1,0,3,3,0,2,19.06352615,73.05749512
9200000,160,1,0,2,2,0,2,19.04979515,73.07844543
13000000,160,1,0,2,2,0,2,19.04998589,73.07302856
15200000,160,1,0,3,3,0,2,19.0669384,73.07126617
15200000,160,1,0,3,3,0,2,19.0669384,73.07126617
14500000,160,1,0,2,2,0,2,19.04068375,73.07875824
14500000,160,1,0,2,2,0,2,19.04068375,73.07875824
15500000,160,1,0,3,3,0,2,19.03447914,73.07565308
67700000,75,1,0,3,3,0,1,19.03983498,72.91130066
10500000,160,1,0,2,2,0,2,19.06996536,73.08313751
32700000,142,1,0,3,2,0,2,19.20620918,72.87017822
10500000,160,1,0,2,2,0,1,19.07247925,73.0797348
32600000,142,1,0,3,2,0,2,19.20620918,72.87017822
32500000,142,1,0,3,2,0,2,19.20620918,72.87017822
14500000,46,1,0,2,2,0,2,19.22641754,72.86497498
9200000,95,1,0,1,1,0,2,19.12237549,72.99855804
19500000,142,1,0,2,2,0,2,19.20205116,72.87076569
13500000,363,1,0,2,2,0,2,19.20981407,72.97875214
10500000,209,1,0,2,2,0,1,19.27622032,72.8717041
21500000,212,1,0,2,2,0,1,19.16234016,72.95566559
12500000,363,1,0,2,2,0,2,19.20981407,72.97875214
8800000,209,1,0,2,2,0,2,19.27948761,72.86984253
5800000,209,1,0,1,2,0,2,19.27948761,72.86984253
8000000,37,1,0,1,2,0,2,19.15318108,72.93383789
8300000,37,1,0,1,2,0,2,19.15318108,72.93383789
7800000,37,1,0,1,2,0,2,19.15318108,72.93383789
7050000,85,1,0,2,2,0,1,19.22271729,73.10041809
7500000,37,1,0,1,2,0,2,19.15318108,72.93383789
5050000,85,1,0,1,2,0,1,19.22271729,73.10041809
5500000,209,1,0,1,1,0,2,19.28202057,72.8862915
6150000,362,1,0,2,2,0,1,19.22306824,73.10228729
11600000,37,1,0,2,2,0,2,19.15318108,72.93383789
30000000,212,1,0,3,3,0,1,19.17102432,72.93897247
18500000,363,1,0,3,3,0,1,19.25525093,72.98123169
31203700,212,1,0,3,3,0,1,19.17135048,72.93907928
52372800,212,1,0,3,3,0,1,19.1714077,72.93904877
51500000,363,1,0,4,4,0,0,19.26019669,72.98513794
21700000,15,1,0,2,2,0,2,19.13868713,72.87084198
16000000,363,1,0,3,3,0,1,19.2544117,72.97285461
20000000,212,1,0,2,2,0,1,19.16527939,72.95903015
25000000,212,1,0,3,3,0,1,19.15246582,72.96372223
5500000,363,1,0,1,1,0,0,19.26066017,72.96846008
21500000,212,1,0,2,2,0,1,19.15246582,72.96372223
59900000,28,1,0,3,3,0,1,19.05495262,72.82935333
7500000,363,1,0,1,2,0,2,19.21686745,72.9930954
16500000,274,1,0,2,2,0,2,19.11909866,72.89984131
13000000,363,1,0,2,2,0,2,19.21450233,72.97677612
11500000,172,1,0,2,2,0,2,19.10633659,73.01086426
11800000,363,1,0,2,2,0,2,19.2238369,72.99047852
9700000,209,1,0,2,2,0,2,19.27293587,72.88097382
3000000,224,1,0,1,1,0,2,19.43198586,72.81169128
22000000,95,1,0,2,2,0,2,19.11900902,73.00673676
20000000,172,1,0,3,2,0,2,19.09330177,73.01537323
18500000,385,1,0,2,2,0,0,19.06424141,73.00158691
12000000,212,1,0,1,2,0,1,19.16368484,72.95683289
9258968,209,1,0,2,2,0,2,19.28604317,72.87023163
9245864,209,1,0,2,2,0,1,19.28087616,72.87459564
16000000,363,1,0,3,3,0,2,19.21686745,72.9930954
32800000,142,1,0,3,2,0,2,19.20620918,72.87017822
12000000,160,1,0,2,2,0,2,19.07083893,73.07873535
6200000,160,1,0,1,1,0,2,19.04265976,73.06473541
11300000,209,1,0,2,2,0,1,19.28684807,72.87327576
4987500,383,1,0,2,1,0,1,19.38308907,72.87561798
7600000,209,1,0,1,2,0,1,19.29859543,72.87253571
4270000,15,1,0,2,2,0,2,19.19995499,73.1866684
57000000,58,1,0,4,4,0,1,19.05871391,72.90290833
23000000,142,1,0,2,2,0,1,19.21030617,72.86837769
51000000,142,1,0,4,4,0,1,19.21030617,72.86837769
34000000,46,1,0,3,3,0,2,19.23183441,72.84420776
44000000,142,1,0,4,4,0,1,19.20649529,72.87693787
19500000,46,1,0,2,2,0,1,19.22984314,72.8420639
35000000,46,1,0,3,3,0,2,19.22982216,72.84204102
8700000,363,1,0,1,1,0,1,19.25841713,72.98527527
7500000,38,1,0,2,2,0,2,19.30128479,72.84638977
19200000,363,1,0,2,2,0,0,19.2564106,72.99015045
6700000,209,1,0,1,2,0,2,19.27293587,72.88097382
89300000,58,1,0,4,4,0,2,19.04581451,72.89766693
9000000,160,1,0,2,2,0,2,19.0358963,73.07273102
4590000,9,1,0,2,2,0,2,19.20701027,73.18536377
4552000,9,1,0,2,2,0,2,19.20713806,73.18493652
38000000,15,1,0,3,3,0,0,19.11686325,72.86997986
15000000,172,1,0,2,2,0,1,19.09801865,72.99897003
9700000,142,1,0,1,2,0,1,19.21387863,72.83223724
3400000,383,1,0,1,2,0,1,19.39484024,72.84843445
30000000,15,1,0,2,2,0,0,19.13910484,72.80826569
21800000,126,1,0,2,2,0,1,19.12825966,72.84303284
3700000,26,1,0,1,1,0,2,19.16975784,73.22491455
2600000,26,1,0,1,1,0,2,19.15452957,73.23560333
3828000,383,1,0,1,2,0,1,19.39545822,72.84721375
5528000,383,1,0,2,2,0,1,19.39545631,72.84721375
8250000,363,1,0,2,2,0,1,19.28334618,72.95620728
8700000,193,1,0,1,1,0,2,19.20244408,72.82131958
4500000,85,1,0,1,1,0,1,19.22516441,73.0796814
7350000,137,1,0,1,2,0,2,19.20948792,73.01093292
19900000,160,1,0,3,3,0,1,19.03493881,73.07228088
12900000,160,1,0,2,2,0,2,19.0709343,73.07907867
18500000,46,1,0,3,2,0,1,19.25018883,72.84818268
6100000,402,1,0,2,2,0,2,19.45896912,72.79956818
9800000,98,1,0,1,2,0,2,19.09097862,72.91364288
16200000,98,1,0,2,2,0,1,19.0890255,72.91495514
16000000,98,1,0,2,2,0,1,19.08760643,72.91466522
35100000,70,1,0,3,3,0,1,19.01498032,72.83869934
2800000,402,1,0,1,2,0,2,19.46921349,72.79705811
7300000,138,1,0,1,1,0,2,19.24263382,73.13677979
3300000,138,1,0,1,1,0,2,19.2446003,73.12349701
10000000,362,1,0,3,3,0,2,19.22567177,73.10028076
6600000,85,1,0,1,1,0,2,19.22491646,73.10826111
9400000,138,1,0,2,2,0,2,19.22584534,73.09985352
7000000,385,1,0,1,1,0,2,19.06760406,72.98732758
4850000,85,1,0,1,1,0,2,19.20101738,73.09404755
8000000,85,1,0,2,1,0,2,19.20101738,73.09404755
4700000,86,1,0,1,1,0,0,19.22516441,73.0796814
5000000,85,1,0,1,1,0,2,19.20101738,73.09404755
4500000,86,1,0,1,1,0,2,19.22516441,73.0796814
6799999,142,1,0,1,1,0,2,19.19430161,72.8680954
15500000,394,1,0,3,3,0,2,19.11235237,72.93083954
19800000,105,1,0,2,2,0,2,19.16102791,72.84053802
4150000,261,1,0,1,1,0,2,18.94493675,73.13698578
71300000,189,1,0,3,3,0,2,19.03028679,72.8395462
1950000,355,1,0,1,1,0,2,19.07120705,73.097229
9200000,369,1,0,2,2,0,1,18.97817993,73.03097534
6500000,151,1,0,1,2,0,2,19.26475143,72.96831512
53000000,262,1,0,3,3,0,1,18.99879456,72.84338379
9900000,209,1,0,2,2,0,2,19.28219795,72.88488007
6800000,209,1,0,1,2,0,2,19.28219795,72.88488007
8500000,72,1,0,1,2,0,1,19.26285553,72.86623383
29400000,72,1,0,3,2,0,1,19.24886703,72.86382294
11500000,72,1,0,2,2,0,1,19.25222778,72.86793518
13500000,160,1,0,3,3,0,1,19.06980515,73.07961273
28500000,72,1,0,3,3,0,0,19.25222778,72.86793518
13000000,72,1,0,2,2,0,1,19.25833702,72.87429047
19500000,72,1,0,2,2,0,1,19.25222778,72.86793518
14000000,72,1,0,2,2,0,0,19.25134277,72.87204742
33300000,58,1,0,2,2,0,2,19.04581451,72.89766693
33300000,58,1,0,2,2,0,2,19.04581451,72.89766693
11800000,160,1,0,3,3,0,1,19.08200455,73.0825119
13900000,85,1,0,1,1,0,2,19.23362923,73.08470154
7700000,85,1,0,1,1,0,2,19.23362923,73.08470154
4900000,85,1,0,1,1,0,2,19.18523216,73.09324646
14000000,160,1,0,3,3,0,2,19.07340813,73.07310486
14500000,105,1,0,2,2,0,2,19.16594887,72.84719849
16000000,174,1,0,2,2,0,1,19.07312965,72.88269043
3800000,369,1,0,1,2,0,2,18.96816063,73.028862
21000000,58,1,0,2,2,0,2,19.07096291,72.89916992
7200000,138,1,0,2,2,0,2,19.25064278,73.1188736
5300000,138,1,0,1,2,0,2,19.25064278,73.1188736
11600000,363,1,0,2,2,0,2,19.21158218,72.9604187
10000000,363,1,0,2,2,0,2,19.21158218,72.9604187
60000000,15,1,0,3,4,0,1,19.13805008,72.82532501
53000000,262,1,0,3,3,0,1,18.99879456,72.84338379
12500000,385,1,0,2,2,0,1,19.09006882,73.00334167
9800000,58,1,0,1,2,0,2,19.05251312,72.9052887
14400000,209,1,0,3,3,0,1,19.29102135,72.87895203
9800000,209,1,0,1,2,0,1,19.29102135,72.87895203
16630000,294,1,0,2,2,0,2,19.0835762,72.85018921
6000000,209,1,0,1,2,0,1,19.27721214,72.88743591
2900000,105,1,0,1,1,0,2,19.15535355,72.88746643
7600000,105,1,0,2,2,0,1,19.15537071,72.88745117
6400000,209,1,0,1,2,0,1,19.2723217,72.87452698
9000000,209,1,0,2,2,0,1,19.2723217,72.87452698
12100000,209,1,0,2,2,0,0,19.29805374,72.87605286
5700000,217,1,0,2,2,0,2,19.16921806,73.03074646
6900000,217,1,0,2,2,0,2,19.16921806,73.03074646
29500000,58,1,0,2,2,0,1,19.05181313,72.90020752
12700000,126,1,0,1,2,0,2,19.14257622,72.84370422
16500000,72,1,0,2,2,0,1,19.25813293,72.84890747
32500000,404,1,0,2,2,0,2,18.99811935,72.81504822
168750000,184,1,0,4,4,0,2,19.00762367,72.83289337
28000000,46,1,0,3,3,0,2,19.2169342,72.86742401
10500000,46,1,0,1,2,0,2,19.2169342,72.86742401
14000000,46,1,0,2,2,0,2,19.2169342,72.86742401
13500000,46,1,0,2,2,0,2,19.2169342,72.86742401
11000000,46,1,0,1,2,0,2,19.2169342,72.86742401
13800000,46,1,0,2,2,0,2,19.2169342,72.86742401
14000000,46,1,0,2,2,0,2,19.2169342,72.86742401
13500000,46,1,0,2,2,0,2,19.2169342,72.86742401
11000000,46,1,0,1,2,0,2,19.2169342,72.86742401
13800000,46,1,0,2,2,0,2,19.2169342,72.86742401
11300000,46,1,0,1,2,0,2,19.2169342,72.86742401
28000000,46,1,0,3,3,0,2,19.2169342,72.86742401
47000000,58,1,0,3,3,0,1,19.05181313,72.90020752
14500000,46,1,0,2,2,0,2,19.22400856,72.86885071
10500000,46,1,0,1,2,0,2,19.22455025,72.86902618
7200000,38,1,0,1,1,0,1,19.31095886,72.85369873
19000000,46,1,0,2,2,0,2,19.22264481,72.86534882
20000000,46,1,0,2,2,0,2,19.22264481,72.86534882
19500000,46,1,0,2,2,0,2,19.22264481,72.86534882
18200000,46,1,0,2,2,0,2,19.21585846,72.86445618
25000000,46,1,0,2,2,0,2,19.21585846,72.86445618
25800000,46,1,0,3,3,0,2,19.21585846,72.86445618
29400000,46,1,0,3,3,0,2,19.22673035,72.85987854
30000000,46,1,0,3,3,0,2,19.22673035,72.85987854
7800000,193,1,0,1,1,0,2,19.19013023,72.85076904
7500000,193,1,0,1,2,0,2,19.18992043,72.85050964
7700000,193,1,0,1,1,0,2,19.1878376,72.86705017
10300000,46,1,0,1,2,0,2,19.22890663,72.86195374
16600000,46,1,0,2,2,0,2,19.22890663,72.86195374
18500000,193,1,0,2,2,0,2,19.19087029,72.86130524
9100000,46,1,0,1,2,0,2,19.22286224,72.85883331
6900000,209,1,0,1,2,0,1,19.28604317,72.87023163
8900000,142,1,0,1,2,0,2,19.21466827,72.82371521
20000000,105,1,0,2,2,0,2,19.16010094,72.84772491
30000000,105,1,0,3,3,0,2,19.16010094,72.84772491
12400000,137,1,0,2,2,0,1,19.2050457,72.99949646
6800000,137,1,0,1,2,0,1,19.2050457,72.99949646
13600000,137,1,0,2,2,0,1,19.20948792,73.01093292
6200000,137,1,0,1,1,0,2,19.2050457,72.99949646
8500000,137,1,0,2,2,0,1,19.20948792,73.01093292
10700000,363,1,0,2,2,0,2,19.22933769,72.96694946
16600000,363,1,0,3,3,0,2,19.20920753,72.94970703
13000000,137,1,0,3,2,0,1,19.20948792,73.01093292
9100000,209,1,0,2,2,0,1,19.27293587,72.88097382
11125000,15,1,0,1,2,0,2,19.11890793,72.86488342
7700000,209,1,0,1,2,0,1,19.27293587,72.88097382
12700000,126,1,0,1,2,0,2,19.14257622,72.84370422
16500000,72,1,0,2,2,0,1,19.25813293,72.84890747
32500000,404,1,0,2,2,0,2,18.99811935,72.81504822
168750000,184,1,0,4,4,0,2,19.00762367,72.83289337
28000000,46,1,0,3,3,0,2,19.2169342,72.86742401
10500000,46,1,0,1,2,0,2,19.2169342,72.86742401
14000000,46,1,0,2,2,0,2,19.2169342,72.86742401
13500000,46,1,0,2,2,0,2,19.2169342,72.86742401
11000000,46,1,0,1,2,0,2,19.2169342,72.86742401
13800000,46,1,0,2,2,0,2,19.2169342,72.86742401
11300000,46,1,0,1,2,0,2,19.2169342,72.86742401
28000000,46,1,0,3,3,0,2,19.2169342,72.86742401
47000000,58,1,0,3,3,0,1,19.05181313,72.90020752
14500000,46,1,0,2,2,0,2,19.22400856,72.86885071
10500000,46,1,0,1,2,0,2,19.22455025,72.86902618
7200000,38,1,0,1,1,0,1,19.31095886,72.85369873
19000000,46,1,0,2,2,0,2,19.22264481,72.86534882
20000000,46,1,0,2,2,0,2,19.22264481,72.86534882
19500000,46,1,0,2,2,0,2,19.22264481,72.86534882
18200000,46,1,0,2,2,0,2,19.21585846,72.86445618
29400000,46,1,0,3,3,0,2,19.22673035,72.85987854
30000000,46,1,0,3,3,0,2,19.22673035,72.85987854
7800000,193,1,0,1,1,0,2,19.19013023,72.85076904
7500000,193,1,0,1,2,0,2,19.18992043,72.85050964
8000000,142,1,0,1,2,0,2,19.20811272,72.83140564
9000000,142,1,0,1,2,0,2,19.20026207,72.86649323
5900000,193,1,0,1,2,0,2,19.18710709,72.85057068
6100000,193,1,0,1,2,0,2,19.18710709,72.85057068
7700000,193,1,0,1,1,0,2,19.1878376,72.86705017
10300000,46,1,0,1,2,0,2,19.22890663,72.86195374
16600000,46,1,0,2,2,0,2,19.22890663,72.86195374
18500000,193,1,0,2,2,0,2,19.19087029,72.86130524
9100000,46,1,0,1,2,0,2,19.22286224,72.85883331
6900000,209,1,0,1,2,0,1,19.28604317,72.87023163
8900000,142,1,0,1,2,0,2,19.21466827,72.82371521
20000000,105,1,0,2,2,0,2,19.16010094,72.84772491
30000000,105,1,0,3,3,0,2,19.16010094,72.84772491
12400000,137,1,0,2,2,0,1,19.2050457,72.99949646
6800000,137,1,0,1,2,0,1,19.2050457,72.99949646
13600000,137,1,0,2,2,0,1,19.20948792,73.01093292
4600000,355,1,0,2,2,0,2,19.07123184,73.09724426
3300000,355,1,0,1,2,0,2,19.07122612,73.09724426
3500000,358,1,0,1,2,0,2,19.07125473,73.09725189
5100000,138,1,0,1,1,0,2,19.25238609,73.1255722
5800000,363,1,0,2,2,0,2,19.25656128,73.12287903
5500000,358,1,0,2,2,0,2,19.07117844,73.097229
4100000,355,1,0,1,1,0,2,19.07181549,73.09798431
3500000,358,1,0,1,2,0,0,19.08200073,73.10729218
6200000,355,1,0,2,2,0,2,19.07297325,73.10353851
15500000,193,1,0,2,2,0,2,19.18033409,72.83765411
7800000,383,1,0,2,2,0,1,19.36294746,72.81175995
3250000,355,1,0,1,1,0,2,19.06961632,73.09765625
4800000,86,1,0,1,2,0,2,19.22700691,73.09072876
4725000,86,1,0,1,2,0,2,19.22651672,73.08804321
18000000,383,1,0,3,3,0,1,19.39390373,72.8265152
6700000,86,1,0,2,2,0,2,19.22650719,73.09095001
4999000,9,1,0,2,1,0,2,19.20769119,73.18080902
7500000,383,1,0,2,2,0,2,19.37498093,72.81552887
6800000,209,1,0,1,2,0,1,19.28025436,72.8841095
7500000,134,1,0,2,2,0,2,19.0376873,73.09468079
4999000,9,1,0,2,1,0,2,19.20769119,73.18080902
7500000,383,1,0,2,2,0,2,19.37498093,72.81552887
6800000,209,1,0,1,2,0,1,19.28025436,72.8841095
7500000,134,1,0,2,2,0,2,19.0376873,73.09468079
9400000,209,1,0,2,2,0,1,19.29388237,72.87149048
6336000,209,1,0,1,2,0,1,19.28095818,72.87423706
2500000,85,1,0,1,1,0,2,19.18496323,73.09342957
9500000,209,1,0,2,2,0,1,19.27747536,72.87630463
17500000,189,1,0,1,2,0,2,19.0435009,72.84049988
6100000,49,1,0,1,1,0,2,18.98305702,72.83896637
6900000,174,1,0,1,2,0,1,19.0639286,72.88166046
29000000,6,1,0,3,3,0,2,19.17228508,72.98948669
7500000,174,1,0,1,2,0,1,19.06423187,72.8844986
14800000,174,1,0,2,2,0,2,19.0632267,72.88041687
1890000,85,1,0,1,1,0,2,19.18403053,73.09603119
9455000,209,1,0,2,2,0,1,19.27747536,72.87630463
1897000,85,1,0,1,1,0,2,19.18404961,73.09605408
18100000,6,1,0,2,2,0,2,19.1590004,72.99859619
9000000,363,1,0,2,2,0,1,19.26239014,72.97595215
12500000,141,1,0,2,2,0,2,19.01283836,73.08972168
6500000,141,1,0,1,1,0,2,19.01280785,73.09470367
6000000,141,1,0,1,2,0,2,19.01815987,73.09264374
11400000,134,1,0,3,3,0,2,19.03845215,73.09728241
5300000,134,1,0,1,1,0,2,19.04388237,73.10150909
8900000,172,1,0,2,2,0,2,19.0990696,72.99901581
4700000,358,1,0,2,2,0,2,19.07128143,73.09729767
2900000,355,1,0,1,1,0,2,19.08562469,73.11043549
4900000,355,1,0,2,2,0,2,19.07129288,73.09729767
4900000,355,1,0,2,2,0,2,19.07129288,73.09729767
4600000,355,1,0,2,2,0,2,19.07123184,73.09724426
3300000,355,1,0,1,2,0,2,19.07122612,73.09724426
3500000,358,1,0,1,2,0,2,19.07125473,73.09725189
5100000,138,1,0,1,1,0,2,19.25238609,73.1255722
5800000,363,1,0,2,2,0,2,19.25656128,73.12287903
5500000,358,1,0,2,2,0,2,19.07117844,73.097229
4100000,355,1,0,1,1,0,2,19.07181549,73.09798431
3500000,358,1,0,1,2,0,0,19.08200073,73.10729218
6200000,355,1,0,2,2,0,2,19.07297325,73.10353851
15500000,193,1,0,2,2,0,2,19.18033409,72.83765411
7800000,383,1,0,2,2,0,1,19.36294746,72.81175995
6000000,85,1,0,1,1,0,2,19.20101738,73.09404755
6400000,86,1,0,2,1,0,0,19.22516441,73.0796814
6500000,134,1,0,1,1,0,1,19.03602791,73.09107208
11000000,160,1,0,2,2,0,2,19.07185173,73.07289886
14000000,160,1,0,3,3,0,2,19.06645775,73.06904602
9000000,363,1,0,2,2,0,1,19.24536705,72.98106384
17500000,160,1,0,3,3,0,1,19.04732704,73.0769043
15500000,160,1,0,3,3,0,2,19.03826904,73.07549286
11000000,160,1,0,3,3,0,1,19.08200455,73.0825119
11500000,160,1,0,3,3,0,1,19.08944893,73.07676697
17900000,351,1,0,2,2,0,2,19.05169296,72.86916351
10500000,46,1,0,1,2,0,2,19.2259903,72.84449768
15500000,72,1,0,2,2,0,2,19.25456238,72.85689545
26000000,46,1,0,3,3,0,2,19.24814224,72.85300446
72100000,128,1,0,3,3,0,1,19.10037613,72.82952118
9900000,138,1,0,2,2,0,0,19.26153946,73.14687347
7590000,151,1,0,2,2,0,1,19.26821518,72.97315979
3600000,383,1,0,1,1,0,2,19.39635086,72.86195374
3000000,383,1,0,1,1,0,2,19.40925598,72.84296417
7000000,402,1,0,2,2,0,2,19.46223068,72.77992249
7800000,383,1,0,2,2,0,1,19.36294746,72.81175995
3250000,355,1,0,1,1,0,2,19.06961632,73.09765625
4800000,86,1,0,1,2,0,2,19.22700691,73.09072876
4725000,86,1,0,1,2,0,2,19.22651672,73.08804321
18000000,383,1,0,3,3,0,1,19.39390373,72.8265152
6700000,86,1,0,2,2,0,2,19.22650719,73.09095001
4999000,9,1,0,2,1,0,2,19.20769119,73.18080902
7500000,383,1,0,2,2,0,2,19.37498093,72.81552887
6800000,209,1,0,1,2,0,1,19.28025436,72.8841095
7500000,134,1,0,2,2,0,2,19.0376873,73.09468079
8500000,261,1,0,2,2,0,2,19.00210953,73.11351013
3753440,39,1,0,1,2,0,2,19.23742676,73.01324463
7300000,105,1,0,1,1,0,2,19.15774345,72.84674835
9500000,134,1,0,2,2,0,2,19.03878784,73.09494019
5271600,160,1,0,1,2,0,2,19.08660126,73.07303619
4800000,86,1,0,1,2,0,2,19.22695923,73.0907135
6750000,86,1,0,2,2,0,2,19.2269249,73.09069824
6712500,86,1,0,2,2,0,2,19.22684479,73.09074402
4987500,86,1,0,1,2,0,2,19.22690773,73.09075165
4950000,86,1,0,1,2,0,2,19.22693634,73.09065247
7600000,363,1,0,1,2,0,1,19.2618351,72.97861481
4875000,86,1,0,1,2,0,2,19.22665024,73.09062958
3100000,355,1,0,1,2,0,2,19.08433151,73.09947205
9345000,142,1,0,1,2,0,2,19.2128849,72.8239212
4600000,86,1,0,1,1,0,2,19.21642876,73.08185577
31000000,15,1,0,2,2,0,1,19.1076622,72.86373901
2450000,9,1,0,1,1,0,2,19.2076416,73.18528748
8500000,172,1,0,2,2,0,2,19.1027832,73.01050568
22000000,172,1,0,3,3,0,1,19.0953083,73.00067902
16500000,95,1,0,3,3,0,1,19.12588501,72.99964142
35000000,172,1,0,3,3,0,0,19.10857773,73.00061035
19000000,95,1,0,2,2,0,2,19.11808014,72.99771881
27000000,172,1,0,3,3,0,2,19.09988403,73.00561523
22000000,95,1,0,3,3,0,1,19.12344551,72.99107361
17500000,172,1,0,2,2,0,0,19.09443855,73.00896454
8500000,172,1,0,1,1,0,1,19.1027832,73.01050568
19500000,385,1,0,3,2,0,1,19.09103394,73.008461
22500000,172,1,0,3,3,0,1,19.1027832,73.01050568
13800000,294,1,0,1,2,0,1,19.07621002,72.86637115
28000000,294,1,0,2,2,0,1,19.07602692,72.86200714
14455530,363,1,0,2,2,2,2,19.22201729,72.98898315
21472500,363,1,0,3,3,1,2,19.22201729,72.98898315
15174810,363,1,0,2,2,2,2,19.22201729,72.98898315
15744240,363,1,0,2,2,2,2,19.22201729,72.98898315
16413570,363,1,0,2,2,2,2,19.22201729,72.98898315
17112870,363,1,0,2,2,2,2,19.22201729,72.98898315
15144840,363,1,0,2,2,2,2,19.22201729,72.98898315
20034000,363,1,0,3,3,2,2,19.22201729,72.98898315
8000000,397,1,0,1,2,0,2,19.11737823,72.9377594
5700000,383,1,0,2,2,0,1,19.40390015,72.82939911
7500001,383,1,0,3,3,0,1,19.40390015,72.82939911
3450000,223,1,0,1,2,0,1,19.34781075,72.87174988
1654000,255,1,0,1,2,0,1,19.69885254,72.76654816
9500000,209,1,0,2,2,0,1,19.28870201,72.8735733
3650000,383,1,0,1,2,0,1,19.40098953,72.85409546
5500002,383,1,0,2,2,0,1,19.39450836,72.84830475
3600000,223,1,0,1,1,0,1,19.36582184,72.8602066
1750000,255,1,0,1,1,0,1,19.70182991,72.7539978
1200000,255,1,0,1,1,0,1,19.70182991,72.7539978
1905000,296,1,0,1,1,0,1,19.57119751,72.83095551
4850000,383,1,0,1,2,0,1,19.39154053,72.82337189
1300000,191,1,0,1,1,0,2,19.57579231,72.80709076
1715000,255,1,0,1,1,0,2,19.70182991,72.7539978
6600000,225,1,0,2,2,0,1,19.41450119,72.82846832
3780000,225,1,0,1,2,0,1,19.41424942,72.828125
9150000,209,1,0,2,2,0,1,19.28332329,72.88627625
6450000,209,1,0,1,2,0,1,19.29340935,72.86810303
11500005,209,1,0,2,2,0,1,19.2885437,72.87614441
6600000,225,1,0,2,2,0,1,19.41450119,72.82846832
3780000,225,1,0,1,2,0,1,19.41424942,72.828125
4850000,383,1,0,1,2,0,1,19.39154053,72.82337189
3766000,39,1,0,1,1,0,2,19.25458908,73.01795197
5145000,39,1,0,2,2,0,2,19.25458908,73.01795197
3800000,138,1,0,1,1,0,2,19.25783539,73.14463806
2358000,390,1,0,1,1,0,2,19.69177437,72.76757812
6900000,209,1,0,1,2,0,1,19.29100609,72.86815643
6525000,383,1,0,2,2,0,1,19.39154053,72.82337189
7200000,402,1,0,3,3,0,1,19.44602394,72.7990036
2120000,390,1,0,1,1,0,1,19.67333984,72.76306915
3258000,390,1,0,2,1,0,2,19.69177437,72.76757812
2085000,255,1,0,1,1,0,1,19.70182991,72.7539978
1200000,255,1,0,1,1,0,1,19.70182991,72.7539978
1600000,191,1,0,1,1,0,2,19.57579231,72.80709076
1880000,255,1,0,1,1,0,1,19.70182991,72.7539978
13000000,209,1,0,2,2,0,1,19.2818985,72.88632965
7550000,225,1,0,3,3,0,1,19.42840385,72.8099823
5500000,383,1,0,2,2,0,1,19.41627312,72.86083221
9000000,383,1,0,3,3,0,1,19.37245178,72.81539917
6300000,209,1,0,1,2,0,1,19.30248642,72.87371063
3400000,225,1,0,1,2,0,1,19.42840385,72.8099823
6945000,209,1,0,1,2,0,1,19.2818985,72.88632965
10950000,209,1,0,2,2,0,1,19.2885437,72.87614441
3780000,383,1,0,1,2,0,1,19.39189911,72.83969879
7010000,209,1,0,1,2,0,1,19.27273941,72.86670685
3350000,402,1,0,1,2,0,1,19.44607162,72.79892731
12000000,209,1,0,2,2,0,1,19.27980042,72.88249969
7100100,402,1,0,3,3,0,1,19.44604874,72.79885101
6900000,209,1,0,1,2,0,1,19.29100609,72.86815643
6525000,383,1,0,2,2,0,1,19.39154053,72.82337189
7200000,402,1,0,3,3,0,1,19.44602394,72.7990036
10500000,363,1,0,2,2,0,2,19.2383709,72.99481201
13500000,363,1,0,2,2,0,2,19.20606804,72.9885788
17500000,363,1,0,3,3,0,2,19.20820045,72.98819733
56000000,70,1,0,3,3,0,0,19.01469994,72.83526611
19900000,15,1,0,2,2,0,2,19.13868713,72.87084198
10600000,126,1,0,1,2,0,2,19.14896774,72.83937073
9900000,126,1,0,1,2,0,2,19.14896774,72.83937073
9100000,126,1,0,1,2,0,2,19.12976837,72.85903931
9900000,126,1,0,1,2,0,2,19.14896774,72.83937073
9100000,126,1,0,1,2,0,2,19.12976837,72.85903931
15000000,126,1,0,2,2,0,2,19.12976837,72.85903931
17000000,126,1,0,2,2,0,2,19.12976837,72.85903931
9900000,126,1,0,1,2,0,2,19.12976837,72.85903931
14500000,126,1,0,2,2,0,2,19.12976837,72.85903931
17500000,126,1,0,2,2,0,2,19.12976837,72.85903931
10000000,126,1,0,1,2,0,2,19.13829613,72.8575058
10100000,58,1,0,2,2,0,1,19.06542778,72.89547729
17177900,46,1,0,2,2,0,2,19.22562027,72.86415863
27500000,46,1,0,3,2,0,2,19.2212677,72.85808563
18100000,142,1,0,2,2,0,2,19.20451736,72.86631775
5200000,98,1,0,1,1,0,1,19.07318497,72.91017151
48223700,142,1,0,4,2,0,2,19.2045784,72.86286163
27186800,142,1,0,3,3,0,2,19.20554543,72.87148285
16256200,142,1,0,2,2,0,2,19.20595741,72.87180328
16256200,142,1,0,2,2,0,2,19.20595741,72.87180328
63500000,241,1,0,4,4,0,2,19.03281784,73.02304077
6700000,37,1,0,1,2,0,2,19.15442848,72.93182373
3400000,402,1,0,1,2,0,1,19.45100784,72.79780579
14000000,363,1,0,2,2,0,2,19.20606804,72.9885788
21400000,15,1,0,2,2,0,2,19.13868713,72.87084198
25900000,15,1,0,3,3,0,2,19.13868713,72.87084198
11500000,363,1,0,2,2,0,2,19.20981407,72.97875214
13300000,363,1,0,2,2,0,2,19.20606804,72.9885788
17000000,126,1,0,2,2,0,2,19.14336395,72.83838654
18500000,126,1,0,2,2,0,2,19.14336395,72.83838654
13800000,274,1,0,1,2,0,2,19.11108398,72.89522552
4900000,85,1,0,2,2,0,2,19.18301392,73.08318329
8500000,394,1,0,1,1,0,1,19.09209633,72.92247772
7800000,394,1,0,1,1,0,1,19.11214256,72.93544769
26000000,46,1,0,3,3,0,2,19.22635841,72.84619904
8500000,394,1,0,1,1,0,1,19.09848213,72.92534637
7500000,394,1,0,1,1,0,1,19.11420059,72.93579865
12800000,58,1,0,1,2,0,2,19.04581451,72.89766693
26000000,274,1,0,2,2,0,2,19.10761261,72.8992157
32000000,274,1,0,3,3,0,2,19.10470772,72.89698029
7000000,394,1,0,1,1,0,1,19.11355782,72.93566132
29999999,98,1,0,3,3,0,2,19.08011246,72.91650391
25000000,58,1,0,2,2,0,2,19.04581451,72.89766693
35000000,363,1,0,4,4,0,2,19.2383709,72.99481201
33000000,15,1,0,2,2,0,1,19.12983322,72.83469391
6700000,369,1,0,1,1,0,1,18.96944427,73.01979065
14000000,12,1,0,1,1,0,1,19.12812805,72.84152222
36500000,105,1,0,3,3,0,2,19.15450859,72.84287262
36000000,363,1,0,4,4,0,2,19.2383709,72.99481201
27000000,15,1,0,2,2,0,1,19.12691879,72.83322906
37000000,363,1,0,4,4,0,2,19.2383709,72.99481201
160000000,15,1,0,4,4,0,2,19.13805008,72.82532501
19000000,363,1,0,3,3,0,2,19.2383709,72.99481201
30000000,15,1,0,3,3,0,2,19.13805008,72.82532501
50000000,363,1,0,5,5,0,2,19.21998787,72.97707367
26000000,15,1,0,2,2,0,2,19.13805008,72.82532501
19000000,363,1,0,2,2,0,2,19.23395538,72.98749542
24000000,363,1,0,3,3,0,2,19.23395538,72.98749542
4800000,38,1,0,1,2,0,1,19.29584503,72.84860229
10500000,369,1,0,2,2,0,1,18.97022629,73.01915741
24500000,363,1,0,3,3,0,2,19.23395538,72.98749542
28500000,363,1,0,3,3,0,2,19.23395538,72.98749542
47000000,363,1,0,4,4,0,2,19.23395538,72.98749542
12800000,58,1,0,1,2,0,2,19.04581451,72.89766693
26000000,274,1,0,2,2,0,2,19.10761261,72.8992157
32000000,274,1,0,3,3,0,2,19.10470772,72.89698029
2600000,366,1,0,1,2,0,1,19.29709244,73.2027359
81000000,105,1,0,4,4,0,0,19.17259789,72.83836365
7000000,394,1,0,1,1,0,1,19.11355782,72.93566132
29999999,98,1,0,3,3,0,2,19.08011246,72.91650391
25000000,58,1,0,2,2,0,2,19.04581451,72.89766693
15400000,174,1,0,2,2,0,1,19.05459785,72.88430023
11000000,174,1,0,1,1,0,1,19.05835342,72.88498688
12000000,174,1,0,1,1,0,1,19.06180382,72.88497162
10300000,174,1,0,1,1,0,1,19.05463409,72.88414764
12500000,58,1,0,1,1,0,1,19.06167984,72.89391327
17000000,273,1,0,2,2,0,2,19.06385994,72.89113617
15500000,58,1,0,2,2,0,2,19.05547523,72.88562012
14000000,58,1,0,2,2,0,1,19.06815338,72.89574432
28900000,75,1,0,3,2,0,1,19.04792976,72.91957092
10000000,174,1,0,1,1,0,2,19.06423187,72.8844986
17700000,58,1,0,2,2,0,1,19.06430244,72.89377594
17500000,58,1,0,2,2,0,0,19.06794548,72.89943695
30000000,363,1,0,4,4,0,2,19.26501465,72.97330475
7500000,363,1,0,1,2,0,2,19.26303291,72.97957611
11500000,363,1,0,2,2,0,2,19.26407814,72.98095703
13500000,363,1,0,2,2,0,1,19.25643539,72.97244263
30000000,385,1,0,3,3,0,2,19.07706451,72.99899292
31000000,241,1,0,3,2,0,2,19.00825882,73.01303101
11000000,385,1,0,2,1,0,2,19.0792141,72.99732208
15000000,385,1,0,2,2,0,2,19.0731926,72.99511719
20000000,293,1,0,2,2,0,2,19.06097031,73.01056671
15000000,114,1,0,3,3,0,1,19.26027298,72.98240662
6300000,363,1,0,1,2,0,2,19.26239014,72.97595215
6200000,209,1,0,1,2,0,0,19.28370667,72.87975311
11000000,209,1,0,2,2,0,0,19.28025436,72.8841095
19900000,98,1,0,2,2,0,2,19.08897018,72.91618347
9900000,15,1,0,1,1,0,2,19.11244965,72.87837982
2750000,224,1,0,1,1,0,2,19.4330616,72.81352997
3050000,224,1,0,1,1,0,2,19.43284035,72.81266022
2500000,224,1,0,1,2,0,2,19.43284035,72.81266022
3900000,85,1,0,1,2,0,2,19.20101738,73.09404755
11000000,363,1,0,2,2,0,1,19.25444794,72.98549652
10000000,174,1,0,2,2,0,2,19.05917549,72.88247681
19500000,58,1,0,2,2,0,1,19.06476784,72.89134216
35000000,58,1,0,2,2,0,2,19.06421089,72.89229584
3950000,160,1,0,1,2,0,2,19.07730484,73.07568359
18000000,58,1,0,2,2,0,2,19.06452179,72.89395905
28900000,58,1,0,3,2,0,2,19.05456734,72.91114044
13000000,58,1,0,1,1,0,2,19.0569458,72.88999176
13000000,58,1,0,1,1,0,1,19.05138397,72.91806793
15000000,58,1,0,1,1,0,2,19.05132866,72.91798401
15000000,58,1,0,1,1,0,2,19.05878448,72.88700104
14000000,174,1,0,2,2,0,2,19.06197929,72.88491821
55000000,274,1,4,4,4,0,1,19.11759949,72.90907288
36100000,274,1,0,3,3,0,1,19.12780571,72.89354706
5950000,209,1,0,1,2,0,1,19.28800583,72.87633514
11000000,369,1,0,2,2,0,2,18.98021317,73.02484894
9500000,369,1,0,2,2,0,2,18.96582413,73.02349091
9000000,363,1,0,1,2,0,0,19.20294571,73.00327301
7500000,137,1,0,1,1,0,1,19.20948792,73.01093292
17500000,160,1,0,2,2,0,0,19.07259941,73.0763092
4500000,137,1,0,1,2,0,0,19.2050457,72.99949646
13600000,38,1,0,2,2,0,1,19.30209923,72.87011719
9400000,38,1,0,2,2,0,1,19.30921745,72.85900116
7500000,138,1,0,2,2,0,1,19.26606369,73.13683319
5700000,362,1,0,1,1,0,2,19.22567177,73.10028076
19000000,15,1,0,2,2,0,2,19.13062668,72.838974
16700000,212,1,0,2,2,0,0,19.17752266,72.96000671
15000000,172,1,0,2,2,0,1,19.10999489,73.00050354
21500000,212,1,0,3,3,0,0,19.17752266,72.96000671
6000000,105,1,0,1,1,0,0,19.15336609,72.88502502
5400000,261,1,0,1,1,0,2,18.9475956,73.1842041
5500000,105,1,0,1,1,0,2,19.15236664,72.88648987
38000000,15,1,0,3,3,0,0,19.12146759,72.82640076
11800000,38,1,0,2,2,0,2,19.26326942,72.87560272
8500000,38,1,0,1,1,0,2,19.26326942,72.87560272
11800000,38,1,0,2,2,0,2,19.26326942,72.87560272
10000000,160,1,0,2,2,0,2,19.06996536,73.08313751
9100000,160,1,0,2,2,0,1,19.06352615,73.05749512
11700000,38,1,0,2,2,0,2,19.26326942,72.87560272
47500000,58,1,4,4,4,0,1,19.04731178,72.89689636
4500000,223,1,0,2,2,0,2,19.36582184,72.8602066
5900000,351,1,0,1,1,0,2,19.0333786,72.86920166
11500000,261,1,0,2,2,0,2,18.90941238,73.19605255
29000000,385,1,0,3,3,0,0,19.09006882,73.00334167
8500000,105,1,0,2,2,0,0,19.15241241,72.88652802
21000000,145,1,0,2,2,0,1,19.13236809,72.93650055
38000000,145,1,0,3,3,0,1,19.13290977,72.93515778
22500000,145,1,0,2,2,0,1,19.13237572,72.93625641
13000000,145,1,0,2,2,0,2,19.12974167,72.93225861
23500000,145,1,0,2,2,0,1,19.13238716,72.93592834
23000000,46,1,0,2,2,0,1,19.2264576,72.86777496
3600000,383,1,0,1,1,0,2,19.39259338,72.84602356
7500000,160,1,0,1,2,0,2,19.08864594,73.07394409
9500000,160,1,0,2,2,0,2,19.08864594,73.07394409
17500000,160,1,0,3,3,0,2,19.08864594,73.07394409
16500000,160,1,0,2,2,0,2,19.07985687,73.07372284
23600000,160,1,0,4,3,0,2,19.07185173,73.07289886
4500000,160,1,0,1,2,0,2,19.08797264,73.08130646
15500000,160,1,0,4,3,0,2,19.08797264,73.08130646
8200000,160,1,0,2,2,0,2,19.08797264,73.08130646
13800000,209,1,0,2,2,0,2,19.28299713,72.88573456
8150000,209,1,0,2,2,0,1,19.27721214,72.88743591
22000000,98,1,0,2,2,0,2,19.08897018,72.91618347
22000000,193,1,0,2,2,0,0,19.18219376,72.84175873
10500000,142,1,0,1,1,0,1,19.19749641,72.87303925
9000000,142,1,0,1,2,0,0,19.19607735,72.87273407
37500000,15,1,0,3,3,0,2,19.13842392,72.83454895
21100000,105,1,0,3,2,0,2,19.16305542,72.83862305
21100000,105,1,0,3,2,0,2,19.16305542,72.83862305
7246512,38,1,0,1,2,0,2,19.30460739,72.85523987
23500000,98,1,0,2,2,0,2,19.08897018,72.91618347
12000000,160,1,0,2,2,0,0,19.07089233,73.07003021
2900000,26,1,0,1,2,0,2,19.1680088,73.22844696
16500000,142,1,0,2,2,0,1,19.20090485,72.86270905
13800000,209,1,0,2,2,0,2,19.28299713,72.88573456
10500000,209,1,0,2,2,0,2,19.28002167,72.87063599
6500000,86,1,0,1,2,0,2,19.22661972,73.08379364
2080000,9,1,0,1,2,0,2,19.20943451,73.20275879
18500000,46,1,0,2,2,0,2,19.23318481,72.84155273
11000000,209,1,0,2,2,0,2,19.27437782,72.87101746
8800000,160,1,0,2,2,0,2,19.07143021,73.07671356
6900000,209,1,0,1,2,0,2,19.26575089,72.88030243
9000000,209,1,0,2,2,0,2,19.28800583,72.87633514
10900000,209,1,0,2,2,0,2,19.27387238,72.878479
9600000,209,1,0,2,2,0,2,19.29460144,72.87283325
8500000,300,1,0,1,1,0,1,19.01790237,73.01583099
6500000,209,1,0,1,2,0,2,19.29460144,72.87283325
13000000,300,1,0,2,2,0,1,19.01699638,73.01556396
7700000,209,1,0,1,2,0,2,19.28451157,72.86546326
12000000,209,1,0,2,2,0,2,19.28451157,72.86546326
5700000,141,1,0,1,1,0,2,19.01662064,73.09674835
32500000,138,1,0,5,4,0,0,19.25585938,73.13314819
80000000,274,1,0,4,3,0,2,19.11752129,72.90710449
35000000,142,1,0,3,3,0,2,19.19798088,72.87248993
10000000,142,1,0,1,1,0,2,19.19696999,72.8759079
10500000,142,1,0,1,2,0,1,19.1955986,72.86841583
2400000,338,1,0,1,1,0,2,19.06416893,73.31642914
9800000,209,1,0,2,2,0,2,19.28604317,72.87023163
15787800,209,1,0,3,3,0,2,19.28299713,72.88573456
11377800,209,1,0,2,2,0,2,19.28299713,72.88573456
6500000,138,1,0,2,2,0,2,19.25450706,73.15322113
6165000,38,1,0,1,2,0,2,19.30921745,72.85900116
130000000,363,1,4,3,3,0,0,19.27359772,72.95258331
5100000,138,1,0,1,1,0,2,19.22760582,73.10562134
84800000,70,1,0,3,4,0,2,19.014925,72.84649658
23900000,363,1,0,3,3,0,2,19.22859192,72.98720551
5500000,38,1,0,1,1,0,2,19.30921745,72.85900116
